48
# x y z
0.000 0.000 212.250
1.500 0.000 212.295
3.000 0.000 212.339
4.500 0.000 212.384
6.000 0.000 212.429
7.500 0.000 212.474
9.000 0.000 212.518
10.500 0.000 212.563
12.000 0.000 212.608
13.500 0.000 212.652
15.000 0.000 212.697
16.500 0.000 212.742
18.000 0.000 212.786
19.500 0.000 212.831
21.000 0.000 212.876
22.500 0.000 212.921
24.000 0.000 212.965
25.500 0.000 213.010
27.000 0.000 213.055
28.500 0.000 213.099
30.000 0.000 213.144
31.500 0.000 213.189
33.000 0.000 213.234
34.500 0.000 213.278
36.000 0.000 213.323
37.500 0.000 213.368
39.000 0.000 213.412
40.500 0.000 213.457
42.000 0.000 213.502
43.500 0.000 213.546
45.000 0.000 213.591
46.500 0.000 213.636
48.000 0.000 213.681
49.500 0.000 213.725
51.000 0.000 213.770
52.500 0.000 213.815
54.000 0.000 213.859
55.500 0.000 213.904
57.000 0.000 213.949
58.500 0.000 213.994
60.000 0.000 214.038
61.500 0.000 214.083
63.000 0.000 214.128
64.500 0.000 214.172
66.000 0.000 214.217
67.500 0.000 214.262
69.000 0.000 214.306
70.500 0.000 214.351
106
# a b m n k rhoa err
1 2 3 4 -28.286 13.46 0.0313
1 2 4 5 -113.146 2.46 2.0493
2 3 4 5 -28.2873 15.29 0.0956
2 3 5 6 -113.15 4.46 1.7096
2 3 8 9 -990.052 22.73 2.6559
3 4 5 6 -28.2871 18.93 0.2009
3 4 6 7 -113.15 4.72 1.5868
4 5 6 7 -28.2873 16.1 0.1334
4 5 14 15 -4667.28 136.15 2.7627
5 6 7 8 -28.286 17.52 0.0739
5 6 8 9 -113.146 2.47 2.3786
6 7 8 9 -28.2873 18.06 0.0429
6 7 9 10 -113.151 13.39 0.418
6 7 10 11 -282.87 10.84 2.7558
7 8 9 10 -28.2873 20.7 0.0649
7 8 10 11 -113.146 5.58 1.2321
7 8 18 19 -6223.05 151.44 2.4956
8 9 10 11 -28.286 19.14 0.0809
8 9 11 12 -113.146 2.09 2.576
9 10 11 12 -28.2873 18.31 0.0987
9 10 12 13 -113.151 5.87 1.3535
9 10 13 14 -282.87 5.79 2.5375
9 10 14 15 -565.742 11.86 2.8413
9 10 20 21 -6223.16 728.86 1.5121
10 11 12 13 -28.2873 18.46 0.0937
10 11 13 14 -113.146 6.56 1.4208
11 12 13 14 -28.286 21.38 0.0749
11 12 14 15 -113.146 2.04 2.627
11 12 17 18 -990.027 118.4 1.8823
11 12 20 21 -3394.38 77.62 2.4698
12 13 14 15 -28.2873 20.73 0.0721
12 13 15 16 -113.15 6.44 1.3214
12 13 16 17 -282.878 7.21 2.2377
13 14 15 16 -28.2871 21.13 0.076
13 14 16 17 -113.15 2.18 2.4317
14 15 16 17 -28.2873 16.48 0.091
14 15 17 18 -113.146 2.03 2.3803
14 15 21 22 -1584.05 33.43 2.7804
15 16 17 18 -28.286 23.98 0.0007
15 16 18 19 -113.146 3.62 1.4705
16 17 18 19 -28.2873 18.86 0.0992
16 17 19 20 -113.151 2.13 2.6342
16 17 23 24 -1584.11 67.68 1.9279
17 18 19 20 -28.2873 19.68 0.0536
17 18 20 21 -113.146 1.8 2.6268
18 19 20 21 -28.286 17.49 0.0464
18 19 21 22 -113.146 4.01 1.6958
18 19 26 27 -2376.12 53.83 2.9872
19 20 21 22 -28.2873 20.56 0.0537
19 20 22 23 -113.15 8.55 0.8184
20 21 22 23 -28.2871 19.94 0.1302
20 21 24 25 -282.866 5.51 2.4958
20 21 27 28 -1584.05 34.41 2.3524
21 22 24 25 -113.146 3.57 1.4461
21 22 25 26 -282.866 5.63 2.7994
22 23 24 25 -28.286 19.21 0.0713
22 23 25 26 -113.146 6.09 1.1587
22 23 26 27 -282.87 5.48 2.6641
23 24 25 26 -28.2873 16.34 0.0415
23 24 26 27 -113.151 2.7 1.7478
23 24 27 28 -282.87 43.41 46.5189
24 25 26 27 -28.2873 19.96 0.0363
24 25 27 28 -113.146 7.68 1.0505
25 26 27 28 -28.286 23.29 0.0476
26 27 28 29 -28.2873 20.57 0.0968
26 27 29 30 -113.151 5.29 1.1905
27 28 29 30 -28.2873 20.89 0.1939
28 29 30 31 -28.286 23.11 0.0972
28 29 31 32 -113.146 2.17 2.6953
29 30 31 32 -28.2873 22.39 0.1514
29 30 32 33 -113.15 2.1 2.566
29 30 40 41 -6223.3 1599.63 4.5781
30 31 32 33 -28.2871 25.61 0.0901
30 31 33 34 -113.15 3.81 1.852
30 31 34 35 -282.866 21.9 0.9917
31 32 33 34 -28.2873 29.17 0.086
32 33 34 35 -28.286 23.5 0.1591
32 33 36 37 -282.87 5.51 2.4014
32 33 41 42 -3394.38 80.8 2.2678
32 33 43 44 -6223.16 1337.56 3.5706
32 33 44 45 -8089.94 2299.07 1.8367
33 34 35 36 -28.2873 32.28 0.1535
33 34 36 37 -113.151 11.42 0.6453
34 35 36 37 -28.2873 29.87 0.1621
34 35 37 38 -113.146 7.81 1.089
35 36 37 38 -28.286 36.22 0.0684
35 36 38 39 -113.146 12.6 0.4168
36 37 38 39 -28.2873 25.93 0.0528
36 37 39 40 -113.15 2.2 2.334
37 38 39 40 -28.2871 22.57 0.1374
38 39 40 41 -28.2873 24.46 0.0755
38 39 41 42 -113.146 6.18 1.3617
39 40 41 42 -28.286 18.64 4.6249
39 40 44 45 -565.727 69.34 2.2961
40 41 42 43 -28.2873 24.61 0.1657
40 41 43 44 -113.151 6.24 1.3087
41 42 43 44 -28.2873 20.38 0.1676
41 42 44 45 -113.146 2.08 2.6473
42 43 44 45 -28.286 27.88 0.1765
42 43 45 46 -113.146 10.86 0.7737
43 44 45 46 -28.2873 23.87 0.0771
43 44 46 47 -113.151 13.28 0.0852
43 44 47 48 -282.87 4.74 2.4978
44 45 46 47 -28.2873 21.13 0.0847
44 45 47 48 -113.146 13.15 0.9236
45 46 47 48 -28.286 8.98 0.6005
0
