source_id distance_m x_utm_m y_utm_m elevation_m geophone_id
1 0.000 617731.173 4613591.586 212.646
2 2.000 617729.218 4613592.008 212.114
3 4.000 617727.263 4613592.429 212.024 24
4 6.000 617725.308 4613592.851 212.752 23
5 8.000 617723.353 4613593.273 213.440 22
6 10.000 617721.398 4613593.695 213.895 21
7 12.000 617719.443 4613594.116 213.607 20
8 14.000 617717.488 4613594.538 213.320 19
9 16.000 617715.533 4613594.960 213.248 18
10 18.000 617713.578 4613595.382 213.195 17
11 20.000 617711.623 4613595.803 213.168 16
12 22.000 617709.668 4613596.225 213.141 15
13 24.000 617707.713 4613596.647 212.824 14
14 26.000 617705.758 4613597.069 212.496 13
15 28.000 617703.803 4613597.490 212.838 12
16 30.000 617701.848 4613597.912 213.264 11
17 32.000 617699.893 4613598.334 213.356 10
18 34.000 617697.938 4613598.756 213.427 9
19 36.000 617695.982 4613599.177 213.478 8
20 38.000 617694.027 4613599.599 212.845 7
21 40.000 617692.072 4613600.021 212.263 6
22 42.000 617690.117 4613600.442 212.263 5
23 44.000 617688.162 4613600.864 212.263 4
24 46.000 617686.207 4613601.286 212.263 3
25 48.000 617684.252 4613601.708 212.263 2
26 50.000 617682.297 4613602.129 212.263 1
27 52.000 617680.342 4613602.551 212.263
28 54.000 617678.387 4613602.973 212.263
