source_id distance_m x_utm_m y_utm_m elevation_m geophone_id
1 0.000 617727.699 4613564.764 204.113
2 2.000 617728.034 4613566.736 204.133
3 4.000 617728.369 4613568.708 204.217 24
4 6.000 617728.704 4613570.679 204.257 23
5 8.000 617729.039 4613572.651 204.317 22
6 10.000 617729.374 4613574.623 204.297 21
7 12.000 617729.708 4613576.595 204.301 20
8 14.000 617730.043 4613578.566 204.341 19
9 16.000 617730.378 4613580.538 204.401 18
10 18.000 617730.713 4613582.510 204.481 17
11 20.000 617731.048 4613584.482 204.530 16
12 22.000 617731.383 4613586.453 204.570 15
13 24.000 617731.718 4613588.425 204.610 14
14 26.000 617732.053 4613590.397 204.630 13
15 28.000 617732.388 4613592.369 204.678 12
16 30.000 617732.723 4613594.340 204.698 11
17 32.000 617733.058 4613596.312 204.738 10
18 34.000 617733.392 4613598.284 204.818 9
19 36.000 617733.727 4613600.256 204.856 8
20 38.000 617734.062 4613602.227 204.856 7
21 40.000 617734.397 4613604.199 204.896 6
22 42.000 617734.732 4613606.171 204.896 5
23 44.000 617735.067 4613608.143 204.914 4
24 46.000 617735.402 4613610.114 204.974 3
25 48.000 617735.737 4613612.086 204.954 2
26 50.000 617736.072 4613614.058 204.994 1
27 52.000 617736.407 4613616.030 205.049
28 54.000 617736.742 4613618.002 205.149
